view 1
rvec : [-0.36395928  1.89614147 -2.28569925]
tvec : [-0.17403178 -0.01191085  0.0405403 ]
view 2
rvec : [-3.61175929  0.3361211  -7.94895895]
tvec : [-0.65075499 -0.15924345  0.26683947]
view 3
rvec : [-0.47909044  0.05679566 -2.50893111]
tvec : [-0.2259653  -0.0445829   0.08932664]
