cam0:
  cam_overlaps: [1, 2]
  camera_model: pinhole
  distortion_coeffs: [0.13285566713755662, -0.30842169684523296, 0.0029970181770502782, 0.005708202496177725]
  distortion_model: radtan
  intrinsics: [596.6123634713307, 596.9004692269979, 334.113857553994, 235.61203826219364]
  resolution: [640, 480]
  rostopic: /d400/color/image_raw
cam1:
  T_cn_cnm1:
  - [0.9997171082794635, 0.01941010362118692, 0.01374595543247461, 0.01624456403433622]
  - [-0.019549882137893375, 0.9997577819332482, 0.010108391182361402, 0.024451483639873824]
  - [-0.013546420993431044, -0.010374263410765635, 0.9998544239722811, -0.00301509041403629]
  - [0.0, 0.0, 0.0, 1.0]
  cam_overlaps: [0, 2]
  camera_model: pinhole
  distortion_coeffs: [-0.1889036077014173, 0.8049841224184894, -1.1581345649000068, 0.5494204269991917]
  distortion_model: equidistant
  intrinsics: [284.85249323027296, 284.982814273098, 422.18623280830406, 392.2819131475209]
  resolution: [848, 800]
  rostopic: /t265/fisheye1/image_raw
cam2:
  T_cn_cnm1:
  - [0.9999933253630049, -0.002358897334388708, -0.0027901313246104747, -0.06448282851108204]
  - [0.0023449746702506906, 0.9999848364974546, -0.004982757164274779, -0.0003723554823050436]
  - [0.0028018428290397415, 0.00497618111889658, 0.9999836935161677, 0.00023008835122044523]
  - [0.0, 0.0, 0.0, 1.0]
  cam_overlaps: [0, 1]
  camera_model: pinhole
  distortion_coeffs: [-0.057504658180170976, 0.244042708324957, -0.30458255339451573, 0.12390215449880142]
  distortion_model: equidistant
  intrinsics: [283.02473792375343, 283.2200642054763, 421.0687913782989, 390.5986500276776]
  resolution: [848, 800]
  rostopic: /t265/fisheye2/image_raw
