{
    "camera_angle_x": 0.9701334411133938,
    "camera_angle_y": 0.973389399561762,
    "fl_x": 607.1323852539062,
    "fl_y": 604.7435302734375,
    "frames": [
        {
            "file_path": "images/000000.png",
            "transform_matrix": [
                [
                    -0.0194869227707386,
                    0.8495680689811707,
                    0.5271188616752625,
                    -0.21770018339157104
                ],
                [
                    0.9847927093505859,
                    -0.07472492754459381,
                    0.1568422168493271,
                    -0.2996622622013092
                ],
                [
                    0.17263707518577576,
                    0.522159218788147,
                    -0.8351923227310181,
                    0.6567698121070862
                ],
                [
                    0.0,
                    0.0,
                    0.0,
                    1.0
                ]
            ]
        },
        {
            "file_path": "images/000001.png",
            "transform_matrix": [
                [
                    -0.018202006816864014,
                    0.8500900268554688,
                    0.5263227820396423,
                    -0.21644480526447296
                ],
                [
                    0.9847690463066101,
                    -0.07579503208398819,
                    0.1564769297838211,
                    -0.2993868291378021
                ],
                [
                    0.172912135720253,
                    0.5211545825004578,
                    -0.8357627391815186,
                    0.6561625599861145
                ],
                [
                    0.0,
                    0.0,
                    0.0,
                    1.0
                ]
            ]
        },
        {
            "file_path": "images/000002.png",
            "transform_matrix": [
                [
                    -0.021252505481243134,
                    0.8488028645515442,
                    0.5282821655273438,
                    -0.2177240550518036
                ],
                [
                    0.9845017790794373,
                    -0.07423842698335648,
                    0.15888653695583344,
                    -0.30237850546836853
                ],
                [
                    0.1740821897983551,
                    0.5234714150428772,
                    -0.8340701460838318,
                    0.6551644206047058
                ],
                [
                    0.0,
                    0.0,
                    0.0,
                    1.0
                ]
            ]
        },
        {
            "file_path": "images/000003.png",
            "transform_matrix": [
                [
                    -0.021614402532577515,
                    0.8503241539001465,
                    0.5258151888847351,
                    -0.21756859123706818
                ],
                [
                    0.9846300482749939,
                    -0.07306654006242752,
                    0.1586345136165619,
                    -0.2997508943080902
                ],
                [
                    0.1733102649450302,
                    0.521162211894989,
                    -0.8356754779815674,
                    0.6557685136795044
                ],
                [
                    0.0,
                    0.0,
                    0.0,
                    1.0
                ]
            ]
        }
    ]
}